     0  223.52  121.35  811.05
     1  227.54  -40.83  817.96
     2  223.52 -121.35  811.05
     3  282.75   81.40  797.45
     4  284.76     .00  800.88
     5  339.92  -40.87  778.00
     6  394.60     .00  752.85
     7  276.79  160.57  787.47
     8  377.16  235.46  724.44
     9  335.89  121.47  771.32
    10  386.57  160.70  739.76
    11  434.48  198.78  703.00
    12  392.55   81.46  749.51
    13  479.28  235.46  661.33
    14  488.78  160.70  676.58
    15  446.35   40.87  722.22
    16  494.84   81.46  686.30
    17  539.67  121.47  645.37
    18  580.55  160.57  599.73
    19  276.79 -160.57  787.47
    20  335.89 -121.47  771.32
    21  446.35  -40.87  722.22
    22  386.57 -160.70  739.76
    23  442.28 -121.52  715.62
    24  377.16 -235.46  724.44
    25  488.78 -160.70  676.58
    26  539.67 -121.47  645.37
    27  423.61 -270.62  685.42
    28  479.28 -235.46  661.33
    29  580.55 -160.57  599.73
    30  496.90     .00  689.63
    31  586.81   81.40  609.53
    32  625.46  121.35  562.64
    33  543.85  -40.87  651.97
    34  588.98     .00  612.86
    35  666.11   81.35  521.70
    36  629.84  -40.83  569.33
    37  668.39     .00  525.12
    38  625.46 -121.35  562.64
    39  702.21  -40.79  477.22
    40  733.52     .00  429.46
    41  439.42  319.26  653.83
    42  495.69  285.94  628.52
    43  539.89  317.98  574.38
    44  597.79  213.62  565.25
    45  591.80  281.91  541.10
    46  425.12  383.06  628.52
    47  387.90  502.52  565.25
    48  469.26  415.20  574.38
    49  450.99  475.72  541.10
    50  527.26  383.08  545.66
    51  566.91  411.88  481.12
    52  365.19  557.35  527.72
    53  404.81  586.40  463.43
    54  490.59  504.60  476.65
    55  466.76  560.16  436.87
    56  548.16  472.58  445.75
    57  498.71  583.24  365.53
    58  339.97  608.37  486.62
    59  312.43  655.24  442.20
    60  282.75  697.63  394.80
    61  377.32  635.67  419.58
    62  409.17  658.65  348.23
    63  468.42  632.35  321.27
    64  642.92  175.09  527.72
    65  682.79  203.80  463.43
    66  719.72   94.66  442.20
    67  721.17  162.41  419.58
    68  750.86   53.33  394.80
    69  752.85  185.61  348.23
    70  631.51  310.66  476.65
    71  618.84  375.29  445.75
    72  676.98  270.82  436.87
    73  708.81  294.07  365.53
    74  746.15  250.09  321.27
    75  650.79  398.51  374.39
    76  630.64  458.18  338.90
    77  695.13  356.98  334.46
    78  676.58  417.31  300.97
    79  717.62  373.44  260.90
    80  695.98  431.46  227.93
    81  580.11  495.79  374.39
    82  554.32  550.79  334.46
    83  576.92  567.09  260.90
    84  653.28  474.64  265.39
    85  625.41  528.59  227.93
    86  695.19 -467.93  142.27
    87  703.02 -472.21   72.73
    88  739.76 -417.31   33.38
    89  704.26 -471.14  -67.46
    90  740.56 -415.48  -38.03
    91  722.52 -412.18  174.85
    92  762.27 -292.59  236.30
    93  759.28 -357.23  135.59
    94  779.48 -295.70  165.75
    95  768.15 -358.28   63.89
    96  796.72 -295.43   21.49
    97  774.40 -229.56  264.77
    98  803.20 -166.79  222.62
    99  808.10 -232.86  123.45
   100  819.36 -167.37  152.12
   101  816.14 -231.94   51.15
   102  836.96 -100.33  109.23
   103  782.74  -99.31  316.16
   104  778.90  -32.96  338.73
   105  806.55 -100.38  248.81
   106  824.01  -33.37  205.92
   107  838.20  -33.21  137.17
   108  778.90   32.96  338.73
   109  781.23  164.99  291.46
   110  774.40  229.56  264.77
   111  804.18   33.29  273.27
   112  806.55  100.38  248.81
   113  794.16  232.06  194.83
   114  824.66  100.72  179.68
   115  819.36  167.37  152.12
   116  838.20   33.21  137.17
   117  829.59  166.74   80.48
   118  816.14  231.94   51.15
   119  762.27  292.59  236.30
   120  722.52  412.18  174.85
   121  779.48  295.70  165.75
   122  759.28  357.23  135.59
   123  733.73  416.20  104.51
   124  790.99  296.63   93.98
   125  703.02  472.21   72.73
   126  739.76  417.31   33.38
   127  796.72  295.43   21.49
   128  771.46  356.76   -8.32
   129  740.56  415.48  -38.03
   130  704.26  471.14  -67.46
   131  -46.33  250.09  811.05
   132  109.15  203.80  817.96
   133  184.48  175.09  811.05
   134    9.95  294.07  797.45
   135   87.99  270.82  800.88
   136  143.90  310.66  778.00
   137  121.94  375.29  752.85
   138  -67.18  312.86  787.47
   139 -107.39  431.46  724.44
   140  -11.72  356.98  771.32
   141  -33.38  417.31  739.76
   142  -54.79  474.64  703.00
   143   43.83  398.51  749.51
   144  -75.83  528.59  661.33
   145   -1.79  514.51  676.58
   146   99.07  437.14  722.22
   147   75.44  495.79  686.30
   148   51.25  550.79  645.37
   149   26.69  601.76  599.73
   150  238.24  213.62  787.47
   151  219.32  281.91  771.32
   152  176.80  411.88  722.22
   153  272.30  317.98  739.76
   154  252.25  383.08  715.62
   155  340.48  285.94  724.44
   156  303.88  415.20  676.58
   157  282.29  475.72  645.37
   158  388.29  319.26  685.42
   159  372.05  383.06  661.33
   160  332.10  502.52  599.73
   161  153.55  472.58  689.63
   162  103.91  583.24  609.53
   163   77.87  632.35  562.64
   164  206.92  504.60  651.97
   165  182.00  560.16  612.86
   166  128.48  658.65  521.70
   167  233.46  586.40  569.33
   168  206.54  635.67  525.12
   169  308.69  557.35  562.64
   170  255.79  655.24  477.22
   171  226.67  697.63  429.46
   172 -167.84  516.57  653.83
   173 -118.77  559.78  628.52
   174 -135.59  611.73  574.38
   175  -18.44  634.54  565.25
   176  -85.24  649.95  541.10
   177 -232.94  522.69  628.52
   178 -358.06  524.20  565.25
   179 -249.87  574.59  574.38
   180 -313.07  575.93  541.10
   181 -201.40  619.84  545.66
   182 -216.54  666.43  481.12
   183 -417.22  519.55  527.72
   184 -432.60  566.21  463.43
   185 -328.30  622.51  476.65
   186 -388.50  617.02  436.87
   187 -280.07  667.36  445.75
   188 -400.59  654.53  365.53
   189 -473.54  511.33  486.62
   190 -526.62  499.62  442.20
   191 -576.10  484.49  394.80
   192 -487.97  555.28  419.58
   193 -499.97  592.68  348.23
   194 -456.65  640.90  321.27
   195   32.16  665.57  527.72
   196   17.17  712.35  463.43
   197  132.37  713.74  442.20
   198   68.38  736.06  419.58
   199  181.31  730.59  394.80
   200   56.12  773.36  348.23
   201 -100.31  696.60  476.65
   202 -165.69  704.52  445.75
   203  -48.36  727.53  436.87
   204  -60.64  764.99  365.53
   205   -7.28  786.91  321.27
   206 -177.90  742.08  374.39
   207 -240.88  741.36  338.90
   208 -124.70  771.42  334.46
   209 -187.81  772.43  300.97
   210 -133.41  797.90  260.90
   211 -195.28  795.24  227.93
   212 -292.26  704.92  374.39
   213 -352.54  697.39  334.46
   214 -361.06  723.93  260.90
   215 -249.53  767.98  265.39
   216 -309.45  758.15  227.93
   217  659.86  516.57  142.27
   218  666.34  522.69   72.73
   219  625.48  574.59   33.38
   220  665.70  524.20  -67.46
   221  623.98  575.93  -38.03
   222  615.28  559.78  174.85
   223  513.83  634.54  236.30
   224  574.38  611.73  135.59
   225  522.10  649.95  165.75
   226  578.12  619.84   63.89
   227  527.16  666.43   21.49
   228  457.63  665.57  264.77
   229  406.82  712.35  222.62
   230  471.18  696.60  123.45
   231  412.38  727.53  152.12
   232  472.79  704.52   51.15
   233  354.06  764.99  109.23
   234  336.32  713.74  316.16
   235  272.04  730.59  338.73
   236  344.70  736.06  248.81
   237  286.36  773.36  205.92
   238  290.61  786.91  137.17
   239  209.35  750.96  338.73
   240   84.50  793.98  291.46
   241   20.98  807.44  264.77
   242  216.84  775.11  273.27
   243  153.77  798.09  248.81
   244   24.71  827.00  194.83
   245  159.05  815.42  179.68
   246   94.01  830.98  152.12
   247  227.43  807.44  137.17
   248   97.78  840.51   80.48
   249   31.61  847.87   51.15
   250  -42.71  815.38  236.30
   251 -168.73  814.53  174.85
   252  -40.35  832.70  165.75
   253 -105.12  832.51  135.59
   254 -169.10  826.43  104.51
   255  -37.69  843.95   93.98
   256 -231.85  814.53   72.73
   257 -168.28  832.51   33.38
   258  -34.76  849.01   21.49
   259 -100.90  843.95   -8.32
   260 -166.29  832.70  -38.03
   261 -230.45  815.38  -67.46
   262 -252.16   33.21  811.05
   263 -160.09  166.79  817.96
   264 -109.51  229.56  811.05
   265 -276.60  100.33  797.45
   266 -230.38  167.37  800.88
   267 -250.98  232.86  778.00
   268 -319.24  231.94  752.85
   269 -318.30   32.79  787.47
   270 -443.53   31.20  724.44
   271 -343.14   99.16  771.32
   272 -407.20   97.21  739.76
   273 -468.34   94.56  703.00
   274 -365.46  164.82  749.51
   275 -526.15   91.22  661.33
   276 -489.89  157.28  676.58
   277 -385.13  229.30  722.22
   278 -448.21  224.95  686.30
   279 -507.99  218.94  645.37
   280 -564.05  211.34  599.73
   281 -129.55  292.59  787.47
   282 -200.35  295.70  771.32
   283 -337.08  295.43  722.22
   284 -218.28  357.23  739.76
   285 -286.38  358.28  715.62
   286 -166.73  412.18  724.44
   287 -300.97  417.31  676.58
   288 -365.21  415.48  645.37
   289 -183.64  467.93  685.42
   290 -249.35  472.21  661.33
   291 -375.30  471.14  599.73
   292 -402.00  292.07  689.63
   293 -522.59  279.05  609.53
   294 -577.34  269.47  562.64
   295 -415.96  352.72  651.97
   296 -476.50  346.20  612.86
   297 -586.71  325.72  521.70
   298 -485.55  403.25  569.33
   299 -540.74  392.87  525.12
   300 -434.68  465.81  562.64
   301 -544.13  445.76  477.22
   302 -593.44  431.15  429.46
   303 -543.15     .00  653.83
   304 -569.09   60.03  628.52
   305 -623.69   60.08  574.38
   306 -609.19  178.55  565.25
   307 -644.49  119.78  541.10
   308 -569.09  -60.03  628.52
   309 -609.19 -178.55  565.25
   310 -623.69  -60.08  574.38
   311 -644.49 -119.78  541.10
   312 -651.74     .00  545.66
   313 -700.73     .00  481.12
   314 -623.05 -236.25  527.72
   315 -672.18 -236.46  463.43
   316 -693.50 -119.87  476.65
   317 -706.87 -178.82  436.87
   318 -721.24  -60.13  445.75
   319 -746.29 -178.72  365.53
   320 -632.64 -292.35  486.62
   321 -637.91 -346.45  442.20
   322 -638.80 -398.20  394.80
   323 -678.89 -292.49  419.58
   324 -718.17 -292.35  348.23
   325 -750.64 -236.25  321.27
   326 -623.05  236.25  527.72
   327 -672.18  236.46  463.43
   328 -637.91  346.45  442.20
   329 -678.89  292.49  419.58
   330 -638.80  398.20  394.80
   331 -718.17  292.35  348.23
   332 -693.50  119.87  476.65
   333 -721.24   60.13  445.75
   334 -706.87  178.82  436.87
   335 -746.29  178.72  365.53
   336 -750.64  236.25  321.27
   337 -760.73   60.13  374.39
   338 -779.52     .00  338.90
   339 -772.20  119.78  334.46
   340 -792.66   60.08  300.97
   341 -800.07  119.69  260.90
   342 -816.66   60.03  227.93
   343 -760.73  -60.13  374.39
   344 -772.20 -119.78  334.46
   345 -800.07 -119.69  260.90
   346 -807.51     .00  265.39
   347 -816.66  -60.03  227.93
   348 -287.38  787.19  142.27
   349 -291.19  795.24   72.73
   350 -353.18  772.43   33.38
   351 -292.83  795.11  -67.46
   352 -354.92  771.42  -38.03
   353 -342.26  758.15  174.85
   354 -444.71  684.76  236.30
   355 -404.29  735.30  135.59
   356 -456.81  697.39  165.75
   357 -410.85  741.36   63.89
   358 -470.92  707.30   21.49
   359 -491.57  640.90  264.77
   360 -551.77  607.04  222.62
   361 -516.90  663.38  123.45
   362 -564.49  617.02  152.12
   363 -523.94  667.36   51.15
   364 -618.14  573.13  109.23
   365 -574.88  540.42  316.16
   366 -610.77  484.49  338.73
   367 -593.51  555.28  248.81
   368 -647.02  511.33  205.92
   369 -658.60  519.55  137.17
   370 -649.51  431.15  338.73
   371 -729.01  325.72  291.46
   372 -761.44  269.47  264.77
   373 -670.17  445.76  273.27
   374 -711.51  392.87  248.81
   375 -778.89  279.05  194.83
   376 -726.37  403.25  179.68
   377 -761.25  346.20  152.12
   378 -697.64  465.81  137.17
   379 -769.16  352.72   80.48
   380 -796.60  292.07   51.15
   381 -788.67  211.34  236.30
   382 -826.80   91.22  174.85
   383 -804.42  218.94  165.75
   384 -824.24  157.28  135.59
   385 -838.24   94.56  104.51
   386 -814.29  224.95   93.98
   387 -846.31   31.20   72.73
   388 -843.76   97.21   33.38
   389 -818.20  229.30   21.49
   390 -833.82  164.82   -8.32
   391 -843.34   99.16  -38.03
   392 -846.68   32.79  -67.46
   393 -109.51 -229.56  811.05
   394 -208.09 -100.72  817.96
   395 -252.16  -33.21  811.05
   396 -180.90 -232.06  797.45
   397 -230.38 -167.37  800.88
   398 -299.02 -166.74  778.00
   399 -319.24 -231.94  752.85
   400 -129.55 -292.59  787.47
   401 -166.73 -412.18  724.44
   402 -200.35 -295.70  771.32
   403 -218.28 -357.23  739.76
   404 -234.66 -416.20  703.00
   405 -269.69 -296.63  749.51
   406 -249.35 -472.21  661.33
   407 -300.97 -417.31  676.58
   408 -337.08 -295.43  722.22
   409 -352.44 -356.76  686.30
   410 -365.21 -415.48  645.37
   411 -375.30 -471.14  599.73
   412 -318.30  -32.79  787.47
   413 -343.14  -99.16  771.32
   414 -385.13 -229.30  722.22
   415 -407.20  -97.21  739.76
   416 -429.24 -161.64  715.62
   417 -443.53  -31.20  724.44
   418 -489.89 -157.28  676.58
   419 -507.99 -218.94  645.37
   420 -501.78  -30.06  685.42
   421 -526.15  -91.22  661.33
   422 -564.05 -211.34  599.73
   423 -402.00 -292.07  689.63
   424 -426.89 -410.78  609.53
   425 -434.68 -465.81  562.64
   426 -464.00 -286.60  651.97
   427 -476.50 -346.20  612.86
   428 -491.08 -457.34  521.70
   429 -533.55 -337.18  569.33
   430 -540.74 -392.87  525.12
   431 -577.34 -269.47  562.64
   432 -592.08 -379.75  477.22
   433 -593.44 -431.15  429.46
   434 -167.84 -516.57  653.83
   435 -232.94 -522.69  628.52
   436 -249.87 -574.59  574.38
   437 -358.06 -524.20  565.25
   438 -313.07 -575.93  541.10
   439 -118.77 -559.78  628.52
   440  -18.44 -634.54  565.25
   441 -135.59 -611.73  574.38
   442  -85.24 -649.95  541.10
   443 -201.40 -619.84  545.66
   444 -216.54 -666.43  481.12
   445   32.16 -665.57  527.72
   446   17.18 -712.35  463.43
   447 -100.31 -696.60  476.65
   448  -48.36 -727.53  436.87
   449 -165.69 -704.52  445.75
   450  -60.64 -764.99  365.53
   451   82.54 -692.02  486.62
   452  132.37 -713.74  442.20
   453  181.31 -730.59  394.80
   454   68.39 -736.06  419.58
   455   56.12 -773.36  348.23
   456   -7.28 -786.91  321.27
   457 -417.22 -519.55  527.72
   458 -432.60 -566.21  463.43
   459 -526.62 -499.62  442.20
   460 -487.97 -555.28  419.58
   461 -576.10 -484.49  394.80
   462 -499.97 -592.68  348.23
   463 -328.30 -622.51  476.65
   464 -280.07 -667.36  445.75
   465 -388.50 -617.02  436.87
   466 -400.59 -654.53  365.53
   467 -456.65 -640.90  321.27
   468 -292.26 -704.92  374.39
   469 -240.88 -741.36  338.90
   470 -352.54 -697.39  334.46
   471 -302.08 -735.30  300.97
   472 -361.06 -723.93  260.90
   473 -309.45 -758.15  227.93
   474 -177.90 -742.08  374.39
   475 -124.70 -771.42  334.46
   476 -133.41 -797.90  260.90
   477 -249.53 -767.98  265.39
   478 -195.28 -795.24  227.93
   479 -837.47  -30.06  142.27
   480 -846.31  -31.20   72.73
   481 -843.76  -97.21   33.38
   482 -846.68  -32.79  -67.46
   483 -843.34  -99.16  -38.03
   484 -826.80  -91.22  174.85
   485 -788.67 -211.34  236.30
   486 -824.24 -157.28  135.59
   487 -804.42 -218.94  165.75
   488 -832.04 -161.64   63.89
   489 -818.20 -229.30   21.49
   490 -761.44 -269.47  264.77
   491 -747.83 -337.18  222.62
   492 -790.64 -286.60  123.45
   493 -761.25 -346.20  152.12
   494 -796.60 -292.07   51.15
   495 -736.09 -410.78  109.23
   496 -691.62 -379.75  316.16
   497 -649.51 -431.15  338.73
   498 -711.51 -392.87  248.81
   499 -686.25 -457.34  205.92
   500 -697.64 -465.81  137.17
   501 -610.77 -484.49  338.73
   502 -535.06 -592.68  291.46
   503 -491.57 -640.90  264.77
   504 -631.03 -499.62  273.27
   505 -593.51 -555.28  248.81
   506 -506.09 -654.53  194.83
   507 -607.97 -566.21  179.68
   508 -564.49 -617.02  152.12
   509 -658.60 -519.55  137.17
   510 -573.15 -622.51   80.48
   511 -523.94 -667.36   51.15
   512 -444.71 -684.76  236.30
   513 -342.26 -758.15  174.85
   514 -456.81 -697.39  165.75
   515 -404.29 -735.30  135.59
   516 -348.96 -767.98  104.51
   517 -465.57 -704.92   93.98
   518 -291.19 -795.24   72.73
   519 -353.18 -772.43   33.38
   520 -470.92 -707.30   21.49
   521 -414.43 -742.08   -8.32
   522 -354.92 -771.42  -38.03
   523 -292.83 -795.11  -67.46
   524  184.48 -175.09  811.05
   525   31.48 -229.03  817.96
   526  -46.33 -250.09  811.05
   527  164.80 -243.75  797.45
   528   87.99 -270.82  800.88
   529   66.18 -335.91  778.00
   530  121.94 -375.29  752.85
   531  238.24 -213.62  787.47
   532  340.48 -285.94  724.44
   533  219.32 -281.91  771.32
   534  272.30 -317.98  739.76
   535  323.31 -351.79  703.00
   536  198.78 -348.16  749.51
   537  372.05 -383.06  661.33
   538  303.88 -415.20  676.58
   539  176.80 -411.88  722.22
   540  230.39 -445.44  686.30
   541  282.29 -475.72  645.37
   542  332.10 -502.52  599.73
   543  -67.18 -312.86  787.47
   544  -11.72 -356.98  771.32
   545   99.07 -437.14  722.22
   546  -33.38 -417.31  739.76
   547   21.09 -458.18  715.62
   548 -107.39 -431.46  724.44
   549   -1.79 -514.51  676.58
   550   51.25 -550.79  645.37
   551 -126.47 -486.51  685.42
   552  -75.83 -528.59  661.33
   553   26.69 -601.76  599.73
   554  153.55 -472.58  689.63
   555  258.76 -532.93  609.53
   556  308.69 -557.35  562.64
   557  129.19 -529.86  651.97
   558  182.00 -560.16  612.86
   559  283.20 -608.37  521.70
   560  155.80 -611.63  569.33
   561  206.54 -635.67  525.12
   562   77.87 -632.35  562.64
   563  178.19 -680.45  477.22
   564  226.67 -697.63  429.46
   565  439.42 -319.26  653.83
   566  425.12 -383.06  628.52
   567  469.26 -415.20  574.38
   568  387.90 -502.52  565.25
   569  450.99 -475.72  541.10
   570  495.69 -285.94  628.52
   571  597.79 -213.62  565.25
   572  539.89 -317.98  574.38
   573  591.80 -281.91  541.10
   574  527.26 -383.08  545.66
   575  566.91 -411.88  481.12
   576  642.92 -175.09  527.72
   577  682.79 -203.80  463.43
   578  631.51 -310.66  476.65
   579  676.98 -270.82  436.87
   580  618.84 -375.29  445.75
   581  708.81 -294.07  365.53
   582  683.66 -135.34  486.62
   583  719.72  -94.66  442.20
   584  750.86  -53.33  394.80
   585  721.17 -162.41  419.58
   586  752.85 -185.61  348.23
   587  746.15 -250.09  321.27
   588  365.19 -557.35  527.72
   589  404.81 -586.40  463.43
   590  312.43 -655.24  442.20
   591  377.32 -635.67  419.58
   592  282.75 -697.63  394.80
   593  409.17 -658.65  348.23
   594  490.59 -504.60  476.65
   595  548.16 -472.58  445.75
   596  466.76 -560.16  436.87
   597  498.71 -583.24  365.53
   598  468.42 -632.35  321.27
   599  580.11 -495.79  374.39
   600  630.64 -458.18  338.90
   601  554.32 -550.79  334.46
   602  605.96 -514.51  300.97
   603  576.92 -567.09  260.90
   604  625.41 -528.59  227.93
   605  650.79 -398.51  374.39
   606  695.13 -356.98  334.46
   607  717.62 -373.44  260.90
   608  653.28 -474.64  265.39
   609  695.98 -431.46  227.93
   610 -230.21 -805.77  142.27
   611 -231.85 -814.53   72.73
   612 -168.28 -832.51   33.38
   613 -230.45 -815.38  -67.46
   614 -166.29 -832.70  -38.03
   615 -168.73 -814.53  174.85
   616  -42.71 -815.38  236.30
   617 -105.12 -832.51  135.59
   618  -40.35 -832.70  165.75
   619 -103.38 -841.27   63.89
   620  -34.76 -849.01   21.49
   621   20.98 -807.44  264.77
   622   89.58 -815.42  222.62
   623   28.25 -840.51  123.45
   624   94.01 -830.98  152.12
   625   31.61 -847.87   51.15
   626  163.21 -827.00  109.23
   627  147.44 -775.11  316.16
   628  209.35 -750.96  338.73
   629  153.77 -798.09  248.81
   630  222.90 -793.98  205.92
   631  227.43 -807.44  137.17
   632  272.04 -730.59  338.73
   633  398.33 -692.02  291.46
   634  457.63 -665.57  264.77
   635  280.17 -754.54  273.27
   636  344.70 -736.06  248.81
   637  466.11 -683.59  194.83
   638  350.62 -753.18  179.68
   639  412.38 -727.53  152.12
   640  290.61 -786.91  137.17
   641  414.94 -737.46   80.48
   642  472.80 -704.52   51.15
   643  513.83 -634.54  236.30
   644  615.28 -559.78  174.85
   645  522.10 -649.95  165.75
   646  574.38 -611.73  135.59
   647  622.57 -569.20  104.51
   648  526.55 -660.62   93.98
   649  666.34 -522.69   72.73
   650  625.48 -574.59   33.38
   651  527.16 -666.43   21.49
   652  577.69 -623.46   -8.32
   653  623.98 -575.93  -38.03
   654  665.70 -524.20  -67.46
   655  593.44  431.15 -429.46
   656  491.08  457.34 -521.70
   657  434.68  465.81 -562.64
   658  592.08  379.75 -477.22
   659  540.74  392.87 -525.12
   660  426.89  410.78 -609.53
   661  533.55  337.18 -569.33
   662  476.50  346.20 -612.86
   663  577.34  269.47 -562.64
   664  464.00  286.60 -651.97
   665  402.00  292.07 -689.63
   666  375.30  471.14 -599.73
   667  249.35  472.21 -661.33
   668  365.21  415.48 -645.37
   669  300.97  417.31 -676.58
   670  234.66  416.20 -703.00
   671  352.44  356.76 -686.30
   672  166.73  412.18 -724.44
   673  218.28  357.23 -739.76
   674  337.08  295.43 -722.22
   675  269.69  296.63 -749.51
   676  200.35  295.70 -771.32
   677  129.55  292.59 -787.47
   678  564.05  211.34 -599.73
   679  507.99  218.94 -645.37
   680  385.13  229.30 -722.22
   681  489.89  157.28 -676.58
   682  429.24  161.64 -715.62
   683  526.15   91.22 -661.33
   684  407.20   97.21 -739.76
   685  343.14   99.16 -771.32
   686  501.78   30.06 -685.42
   687  443.53   31.20 -724.44
   688  318.30   32.79 -787.47
   689  319.24  231.94 -752.85
   690  180.90  232.06 -797.45
   691  109.51  229.56 -811.05
   692  299.02  166.74 -778.00
   693  230.38  167.37 -800.88
   694   88.70  164.99 -829.11
   695  208.09  100.72 -817.96
   696  138.16  100.38 -832.67
   697  252.16   33.21 -811.05
   698  115.23   33.29 -841.49
   699  255.77  787.19 -193.41
   700  309.45  758.15 -227.93
   701  302.08  735.30 -300.97
   702  410.23  684.76 -292.09
   703  352.54  697.39 -334.46
   704  195.28  795.24 -227.93
   705   70.61  795.11 -292.09
   706  187.81  772.43 -300.97
   707  124.70  771.42 -334.46
   708  240.88  741.36 -338.90
   709  229.81  707.30 -411.60
   710    7.28  786.91 -321.27
   711   -3.91  753.18 -393.96
   712  113.59  737.46 -407.12
   713   48.36  727.53 -436.87
   714  165.69  704.52 -445.75
   715   34.19  683.59 -504.03
   716  -56.12  773.36 -348.23
   717 -119.12  754.54 -372.80
   718 -181.31  730.59 -394.80
   719  -68.38  736.06 -419.58
   720  -82.54  692.02 -486.62
   721  -32.16  665.57 -527.72
   722  456.65  640.90 -321.27
   723  445.87  607.04 -393.96
   724  539.88  540.42 -372.80
   725  487.97  555.28 -419.58
   726  576.10  484.49 -394.80
   727  473.54  511.33 -486.62
   728  341.58  663.38 -407.12
   729  280.07  667.36 -445.75
   730  388.50  617.02 -436.87
   731  374.14  573.13 -504.03
   732  417.22  519.55 -527.72
   733  265.80  623.46 -512.98
   734  201.40  619.84 -545.66
   735  313.07  575.93 -541.10
   736  249.87  574.59 -574.38
   737  296.51  525.23 -598.93
   738  232.94  522.69 -628.52
   739  151.43  660.62 -512.98
   740   85.24  649.95 -541.10
   741   68.84  599.21 -598.93
   742  184.94  569.20 -603.58
   743  118.77  559.78 -628.52
   744  827.70     .00 -193.41
   745  816.66  -60.03 -227.93
   746  792.66  -60.08 -300.97
   747  778.01 -178.55 -292.09
   748  772.20 -119.78 -334.46
   749  816.66   60.03 -227.93
   750  778.01  178.55 -292.09
   751  792.66   60.08 -300.97
   752  772.20  119.78 -334.46
   753  779.52     .00 -338.90
   754  743.70     .00 -411.60
   755  750.64  236.25 -321.27
   756  715.10  236.46 -393.96
   757  736.47  119.87 -407.12
   758  706.87  178.82 -436.87
   759  721.24   60.13 -445.75
   760  660.69  178.72 -504.03
   761  718.17  292.35 -348.23
   762  680.80  346.45 -372.80
   763  638.80  398.20 -394.80
   764  678.89  292.49 -419.58
   765  632.64  292.35 -486.62
   766  623.05  236.25 -527.72
   767  846.68   32.79   67.46
   768  843.34   99.16   38.03
   769  818.20  229.30  -21.49
   770  843.76   97.21  -33.38
   771  832.04  161.64  -63.89
   772  846.31   31.20  -72.73
   773  824.24  157.28 -135.59
   774  804.42  218.94 -165.75
   775  837.47   30.06 -142.27
   776  826.80   91.22 -174.85
   777  788.67  211.34 -236.30
   778  796.60  292.07  -51.15
   779  736.09  410.78 -109.23
   780  697.64  465.81 -137.17
   781  790.64  286.60 -123.45
   782  761.25  346.20 -152.12
   783  686.25  457.34 -205.92
   784  747.83  337.18 -222.62
   785  711.51  392.87 -248.81
   786  761.44  269.47 -264.77
   787  691.62  379.75 -316.16
   788  649.51  431.15 -338.73
   789  658.60  519.55 -137.17
   790  607.97  566.21 -179.68
   791  631.03  499.62 -273.27
   792  593.51  555.28 -248.81
   793  610.77  484.49 -338.73
   794  535.06  592.68 -291.46
   795  573.15  622.51  -80.48
   796  523.94  667.36  -51.15
   797  564.49  617.02 -152.12
   798  506.09  654.53 -194.83
   799  491.57  640.90 -264.77
   800  470.92  707.30  -21.49
   801  465.57  704.92  -93.98
   802  456.81  697.39 -165.75
   803  404.29  735.30 -135.59
   804  444.71  684.76 -236.30
   805  342.26  758.15 -174.85
   806  414.43  742.08    8.32
   807  354.92  771.42   38.03
   808  292.83  795.11   67.46
   809  353.18  772.43  -33.38
   810  348.96  767.98 -104.51
   811  291.19  795.24  -72.73
   812  230.45  815.38   67.46
   813  166.29  832.70   38.03
   814   34.76  849.01  -21.49
   815  168.28  832.51  -33.38
   816  103.38  841.27  -63.89
   817  231.85  814.53  -72.73
   818  105.12  832.51 -135.59
   819   40.35  832.70 -165.75
   820  230.21  805.77 -142.27
   821  168.73  814.53 -174.85
   822   42.71  815.38 -236.30
   823 -226.67  697.63 -429.46
   824 -283.20  608.37 -521.70
   825 -308.69  557.35 -562.64
   826 -178.19  680.45 -477.22
   827 -206.54  635.67 -525.12
   828 -258.76  532.93 -609.53
   829 -155.80  611.63 -569.33
   830 -182.00  560.16 -612.86
   831  -77.87  632.35 -562.64
   832 -129.19  529.86 -651.97
   833 -153.55  472.58 -689.63
   834 -332.10  502.52 -599.73
   835 -372.05  383.06 -661.33
   836 -282.29  475.72 -645.37
   837 -303.88  415.20 -676.58
   838 -323.31  351.79 -703.00
   839 -230.39  445.44 -686.30
   840 -340.48  285.94 -724.44
   841 -272.30  317.98 -739.76
   842 -176.80  411.88 -722.22
   843 -198.78  348.16 -749.51
   844 -219.32  281.91 -771.32
   845 -238.24  213.62 -787.47
   846  -26.69  601.76 -599.73
   847  -51.25  550.79 -645.37
   848  -99.07  437.14 -722.22
   849    1.79  514.51 -676.58
   850  -21.09  458.18 -715.62
   851   75.83  528.59 -661.33
   852   33.38  417.31 -739.76
   853   11.72  356.98 -771.32
   854  126.47  486.51 -685.42
   855  107.39  431.46 -724.44
   856   67.18  312.86 -787.47
   857 -121.94  375.29 -752.85
   858 -164.80  243.75 -797.45
   859 -184.48  175.09 -811.05
   860  -66.18  335.91 -778.00
   861  -87.99  270.82 -800.88
   862 -129.51  135.34 -829.11
   863  -31.48  229.03 -817.96
   864  -52.77  162.41 -832.67
   865   46.33  250.09 -811.05
   866    3.94  119.88 -841.49
   867 -669.63  486.51 -193.41
   868 -625.41  528.59 -227.93
   869 -605.96  514.51 -300.97
   870 -524.48  601.76 -292.09
   871 -554.32  550.79 -334.46
   872 -695.98  431.46 -227.93
   873 -734.37  312.86 -292.09
   874 -676.58  417.31 -300.97
   875 -695.13  356.98 -334.46
   876 -630.64  458.18 -338.90
   877 -601.66  437.14 -411.60
   878 -746.15  250.09 -321.27
   879 -717.53  229.03 -393.96
   880 -666.27  335.91 -407.12
   881 -676.98  270.82 -436.87
   882 -618.84  375.29 -445.75
   883 -639.56  243.75 -504.03
   884 -752.85  185.61 -348.23
   885 -754.42  119.88 -372.80
   886 -750.86   53.33 -394.80
   887 -721.17  162.41 -419.58
   888 -683.66  135.34 -486.62
   889 -642.92  175.09 -527.72
   890 -468.42  632.35 -321.27
   891 -439.54  611.63 -393.96
   892 -347.14  680.45 -372.80
   893 -377.32  635.67 -419.58
   894 -282.75  697.63 -394.80
   895 -339.97  608.37 -486.62
   896 -525.36  529.86 -407.12
   897 -548.16  472.58 -445.75
   898 -466.76  560.16 -436.87
   899 -429.46  532.93 -504.03
   900 -365.19  557.35 -527.72
   901 -510.81  445.44 -512.98
   902 -527.26  383.08 -545.66
   903 -450.99  475.72 -541.10
   904 -469.26  415.20 -574.38
   905 -407.90  444.30 -598.93
   906 -425.12  383.06 -628.52
   907 -581.49  348.16 -512.98
   908 -591.80  281.91 -541.10
   909 -548.61  250.64 -598.93
   910 -484.19  351.79 -603.58
   911 -495.69  285.94 -628.52
   912 -580.55  160.57 -599.73
   913 -539.67  121.47 -645.37
   914 -446.35   40.87 -722.22
   915 -488.78  160.70 -676.58
   916 -442.28  121.52 -715.62
   917 -479.28  235.46 -661.33
   918 -386.57  160.70 -739.76
   919 -335.89  121.47 -771.32
   920 -423.61  270.62 -685.42
   921 -377.16  235.46 -724.44
   922 -276.79  160.57 -787.47
   923 -394.60     .00 -752.85
   924 -282.75  -81.40 -797.45
   925 -223.52 -121.35 -811.05
   926 -339.92   40.87 -778.00
   927 -284.76     .00 -800.88
   928 -168.73  -81.35 -829.11
   929 -227.54   40.83 -817.96
   930 -170.77     .00 -832.67
   931 -223.52  121.35 -811.05
   932 -112.79   40.79 -841.49
   933  -31.61  847.87  -51.15
   934 -163.21  827.00 -109.23
   935 -227.43  807.44 -137.17
   936  -28.25  840.51 -123.45
   937  -94.01  830.98 -152.12
   938 -222.90  793.98 -205.92
   939  -89.58  815.42 -222.62
   940 -153.77  798.09 -248.81
   941  -20.98  807.44 -264.77
   942 -147.44  775.11 -316.16
   943 -209.35  750.96 -338.73
   944 -290.61  786.91 -137.17
   945 -350.62  753.18 -179.68
   946 -280.17  754.54 -273.27
   947 -344.70  736.06 -248.81
   948 -272.04  730.59 -338.73
   949 -398.33  692.02 -291.46
   950 -414.94  737.46  -80.48
   951 -472.79  704.52  -51.15
   952 -412.38  727.53 -152.12
   953 -466.11  683.59 -194.83
   954 -457.63  665.57 -264.77
   955 -527.16  666.43  -21.49
   956 -526.55  660.62  -93.98
   957 -522.10  649.95 -165.75
   958 -574.38  611.73 -135.59
   959 -513.83  634.54 -236.30
   960 -615.28  559.78 -174.85
   961 -577.69  623.46    8.32
   962 -623.98  575.93   38.03
   963 -665.70  524.20   67.46
   964 -625.48  574.59  -33.38
   965 -622.57  569.20 -104.51
   966 -666.34  522.69  -72.73
   967 -704.26  471.14   67.46
   968 -740.56  415.48   38.03
   969 -796.72  295.43  -21.49
   970 -739.76  417.31  -33.38
   971 -768.15  358.28  -63.89
   972 -703.02  472.21  -72.73
   973 -759.28  357.23 -135.59
   974 -779.48  295.70 -165.75
   975 -695.19  467.93 -142.27
   976 -722.52  412.18 -174.85
   977 -762.27  292.59 -236.30
   978 -816.14  231.94  -51.15
   979 -836.96  100.33 -109.23
   980 -838.20   33.21 -137.17
   981 -808.10  232.86 -123.45
   982 -819.36  167.37 -152.12
   983 -824.01   33.37 -205.92
   984 -803.20  166.79 -222.62
   985 -806.55  100.38 -248.81
   986 -774.40  229.56 -264.77
   987 -782.74   99.31 -316.16
   988 -778.90   32.96 -338.73
   989 -226.67 -697.63 -429.46
   990 -128.48 -658.65 -521.70
   991  -77.87 -632.35 -562.64
   992 -255.79 -655.24 -477.22
   993 -206.54 -635.67 -525.12
   994 -103.91 -583.24 -609.53
   995 -233.46 -586.40 -569.33
   996 -182.00 -560.16 -612.86
   997 -308.69 -557.35 -562.64
   998 -206.92 -504.60 -651.97
   999 -153.55 -472.58 -689.63
  1000  -26.69 -601.76 -599.73
  1001   75.83 -528.59 -661.33
  1002  -51.25 -550.79 -645.37
  1003    1.79 -514.51 -676.58
  1004   54.79 -474.64 -703.00
  1005  -75.44 -495.79 -686.30
  1006  107.39 -431.46 -724.44
  1007   33.38 -417.31 -739.76
  1008  -99.07 -437.14 -722.22
  1009  -43.83 -398.51 -749.51
  1010   11.72 -356.98 -771.32
  1011   67.18 -312.86 -787.47
  1012 -332.10 -502.52 -599.73
  1013 -282.29 -475.72 -645.37
  1014 -176.80 -411.88 -722.22
  1015 -303.88 -415.20 -676.58
  1016 -252.25 -383.08 -715.62
  1017 -372.05 -383.06 -661.33
  1018 -272.30 -317.98 -739.76
  1019 -219.32 -281.91 -771.32
  1020 -388.29 -319.26 -685.42
  1021 -340.48 -285.94 -724.44
  1022 -238.24 -213.62 -787.47
  1023 -121.94 -375.29 -752.85
  1024   -9.95 -294.07 -797.45
  1025   46.33 -250.09 -811.05
  1026 -143.90 -310.66 -778.00
  1027  -87.99 -270.82 -800.88
  1028   25.22 -185.61 -829.11
  1029 -109.15 -203.80 -817.96
  1030  -52.77 -162.41 -832.67
  1031 -184.48 -175.09 -811.05
  1032  -73.65  -94.66 -841.49
  1033 -669.63 -486.51 -193.41
  1034 -695.98 -431.46 -227.93
  1035 -676.58 -417.31 -300.97
  1036 -734.37 -312.86 -292.09
  1037 -695.13 -356.98 -334.46
  1038 -625.41 -528.59 -227.93
  1039 -524.48 -601.76 -292.09
  1040 -605.96 -514.51 -300.97
  1041 -554.32 -550.79 -334.46
  1042 -630.64 -458.18 -338.90
  1043 -601.66 -437.14 -411.60
  1044 -468.42 -632.35 -321.27
  1045 -439.54 -611.63 -393.96
  1046 -525.36 -529.86 -407.12
  1047 -466.76 -560.16 -436.87
  1048 -548.16 -472.58 -445.75
  1049 -429.46 -532.93 -504.03
  1050 -409.17 -658.65 -348.23
  1051 -347.14 -680.45 -372.80
  1052 -282.75 -697.63 -394.80
  1053 -377.32 -635.67 -419.58
  1054 -339.97 -608.37 -486.62
  1055 -365.19 -557.35 -527.72
  1056 -746.15 -250.09 -321.27
  1057 -717.53 -229.03 -393.96
  1058 -754.42 -119.88 -372.80
  1059 -721.17 -162.41 -419.58
  1060 -750.86  -53.33 -394.80
  1061 -683.66 -135.34 -486.62
  1062 -666.27 -335.91 -407.12
  1063 -618.84 -375.29 -445.75
  1064 -676.98 -270.82 -436.87
  1065 -639.56 -243.75 -504.03
  1066 -642.92 -175.09 -527.72
  1067 -581.49 -348.16 -512.98
  1068 -527.26 -383.08 -545.66
  1069 -591.80 -281.91 -541.10
  1070 -539.89 -317.98 -574.38
  1071 -548.61 -250.64 -598.93
  1072 -495.69 -285.94 -628.52
  1073 -510.81 -445.44 -512.98
  1074 -450.99 -475.72 -541.10
  1075 -407.90 -444.30 -598.93
  1076 -484.19 -351.79 -603.58
  1077 -425.12 -383.06 -628.52
  1078 -733.52     .00 -429.46
  1079 -666.11  -81.35 -521.70
  1080 -625.46 -121.35 -562.64
  1081 -702.21   40.79 -477.22
  1082 -668.39     .00 -525.12
  1083 -586.81  -81.40 -609.53
  1084 -629.84   40.83 -569.33
  1085 -588.98     .00 -612.86
  1086 -625.46  121.35 -562.64
  1087 -543.85   40.87 -651.97
  1088 -496.90     .00 -689.63
  1089 -580.55 -160.57 -599.73
  1090 -479.28 -235.46 -661.33
  1091 -539.67 -121.47 -645.37
  1092 -488.78 -160.70 -676.58
  1093 -434.48 -198.78 -703.00
  1094 -494.84  -81.46 -686.30
  1095 -377.16 -235.46 -724.44
  1096 -386.57 -160.70 -739.76
  1097 -446.35  -40.87 -722.22
  1098 -392.55  -81.46 -749.51
  1099 -335.89 -121.47 -771.32
  1100 -276.79 -160.57 -787.47
  1101 -838.20  -33.21 -137.17
  1102 -824.66 -100.72 -179.68
  1103 -804.18  -33.29 -273.27
  1104 -806.55 -100.38 -248.81
  1105 -778.90  -32.96 -338.73
  1106 -781.23 -164.99 -291.46
  1107 -829.59 -166.74  -80.48
  1108 -816.14 -231.94  -51.15
  1109 -819.36 -167.37 -152.12
  1110 -794.16 -232.06 -194.83
  1111 -774.40 -229.56 -264.77
  1112 -796.72 -295.43  -21.49
  1113 -790.99 -296.63  -93.98
  1114 -779.48 -295.70 -165.75
  1115 -759.28 -357.23 -135.59
  1116 -762.27 -292.59 -236.30
  1117 -722.52 -412.18 -174.85
  1118 -771.46 -356.76    8.32
  1119 -740.56 -415.48   38.03
  1120 -704.26 -471.14   67.46
  1121 -739.76 -417.31  -33.38
  1122 -733.73 -416.20 -104.51
  1123 -703.02 -472.21  -72.73
  1124 -665.70 -524.20   67.46
  1125 -623.98 -575.93   38.03
  1126 -527.16 -666.43  -21.49
  1127 -625.48 -574.59  -33.38
  1128 -578.12 -619.84  -63.89
  1129 -666.34 -522.69  -72.73
  1130 -574.38 -611.73 -135.59
  1131 -522.10 -649.95 -165.75
  1132 -659.86 -516.57 -142.27
  1133 -615.28 -559.78 -174.85
  1134 -513.83 -634.54 -236.30
  1135 -472.79 -704.52  -51.15
  1136 -354.06 -764.99 -109.23
  1137 -290.61 -786.91 -137.17
  1138 -471.18 -696.60 -123.45
  1139 -412.38 -727.53 -152.12
  1140 -286.36 -773.36 -205.92
  1141 -406.82 -712.35 -222.62
  1142 -344.70 -736.06 -248.81
  1143 -457.63 -665.57 -264.77
  1144 -336.32 -713.74 -316.16
  1145 -272.04 -730.59 -338.73
  1146 -227.43 -807.44 -137.17
  1147 -159.05 -815.42 -179.68
  1148 -216.84 -775.11 -273.27
  1149 -153.77 -798.09 -248.81
  1150 -209.35 -750.96 -338.73
  1151  -84.50 -793.98 -291.46
  1152  -97.78 -840.51  -80.48
  1153  -31.61 -847.87  -51.15
  1154  -94.01 -830.98 -152.12
  1155  -24.71 -827.00 -194.83
  1156  -20.98 -807.44 -264.77
  1157  593.44 -431.15 -429.46
  1158  586.71 -325.72 -521.70
  1159  577.34 -269.47 -562.64
  1160  544.13 -445.76 -477.22
  1161  540.74 -392.87 -525.12
  1162  522.59 -279.05 -609.53
  1163  485.55 -403.25 -569.33
  1164  476.50 -346.20 -612.86
  1165  434.68 -465.81 -562.64
  1166  415.96 -352.72 -651.97
  1167  402.00 -292.07 -689.63
  1168  564.05 -211.34 -599.73
  1169  526.15  -91.22 -661.33
  1170  507.99 -218.94 -645.37
  1171  489.89 -157.28 -676.58
  1172  468.34  -94.56 -703.00
  1173  448.21 -224.95 -686.30
  1174  443.53  -31.20 -724.44
  1175  407.20  -97.21 -739.76
  1176  385.13 -229.30 -722.22
  1177  365.46 -164.82 -749.51
  1178  343.14  -99.16 -771.32
  1179  318.30  -32.79 -787.47
  1180  375.30 -471.14 -599.73
  1181  365.21 -415.48 -645.37
  1182  337.08 -295.43 -722.22
  1183  300.97 -417.31 -676.58
  1184  286.38 -358.28 -715.62
  1185  249.35 -472.21 -661.33
  1186  218.28 -357.23 -739.76
  1187  200.35 -295.70 -771.32
  1188  183.64 -467.93 -685.42
  1189  166.73 -412.18 -724.44
  1190  129.55 -292.59 -787.47
  1191  319.24 -231.94 -752.85
  1192  276.60 -100.33 -797.45
  1193  252.16  -33.21 -811.05
  1194  250.98 -232.86 -778.00
  1195  230.38 -167.37 -800.88
  1196  184.32  -33.37 -829.11
  1197  160.09 -166.79 -817.96
  1198  138.16 -100.38 -832.67
  1199  109.51 -229.56 -811.05
  1200   67.27  -99.31 -841.49
  1201  255.77 -787.19 -193.41
  1202  195.28 -795.24 -227.93
  1203  187.81 -772.43 -300.97
  1204   70.61 -795.11 -292.09
  1205  124.70 -771.42 -334.46
  1206  309.45 -758.15 -227.93
  1207  410.23 -684.76 -292.09
  1208  302.08 -735.30 -300.97
  1209  352.54 -697.39 -334.46
  1210  240.88 -741.36 -338.90
  1211  229.81 -707.30 -411.60
  1212  456.65 -640.90 -321.27
  1213  445.87 -607.04 -393.96
  1214  341.58 -663.38 -407.12
  1215  388.50 -617.02 -436.87
  1216  280.07 -667.36 -445.75
  1217  374.14 -573.13 -504.03
  1218  499.97 -592.68 -348.23
  1219  539.88 -540.42 -372.80
  1220  576.10 -484.49 -394.80
  1221  487.97 -555.28 -419.58
  1222  473.54 -511.33 -486.62
  1223  417.22 -519.55 -527.72
  1224    7.28 -786.91 -321.27
  1225   -3.91 -753.18 -393.96
  1226 -119.12 -754.54 -372.80
  1227  -68.38 -736.06 -419.58
  1228 -181.31 -730.59 -394.80
  1229  -82.54 -692.02 -486.62
  1230  113.59 -737.46 -407.12
  1231  165.69 -704.52 -445.75
  1232   48.36 -727.53 -436.87
  1233   34.19 -683.59 -504.03
  1234  -32.16 -665.57 -527.72
  1235  151.43 -660.62 -512.98
  1236  201.40 -619.84 -545.66
  1237   85.24 -649.95 -541.10
  1238  135.59 -611.73 -574.38
  1239   68.85 -599.21 -598.93
  1240  118.77 -559.78 -628.52
  1241  265.80 -623.46 -512.98
  1242  313.07 -575.93 -541.10
  1243  296.51 -525.23 -598.93
  1244  184.94 -569.20 -603.58
  1245  232.94 -522.69 -628.52
  1246  750.64 -236.25 -321.27
  1247  715.10 -236.46 -393.96
  1248  680.80 -346.45 -372.80
  1249  678.89 -292.49 -419.58
  1250  638.80 -398.20 -394.80
  1251  632.64 -292.35 -486.62
  1252  736.47 -119.87 -407.12
  1253  721.24  -60.13 -445.75
  1254  706.87 -178.82 -436.87
  1255  660.69 -178.72 -504.03
  1256  623.05 -236.25 -527.72
  1257  675.08  -60.13 -512.98
  1258  651.74     .00 -545.66
  1259  644.49 -119.78 -541.10
  1260  623.69  -60.08 -574.38
  1261  591.15 -119.69 -598.93
  1262  569.09  -60.03 -628.52
  1263  675.08   60.13 -512.98
  1264  644.49  119.78 -541.10
  1265  591.15  119.69 -598.93
  1266  598.49     .00 -603.58
  1267  569.09   60.03 -628.52
  1268   34.76 -849.01  -21.49
  1269   37.69 -843.95  -93.98
  1270   40.35 -832.70 -165.75
  1271  105.12 -832.51 -135.59
  1272   42.71 -815.38 -236.30
  1273  168.73 -814.53 -174.85
  1274  100.90 -843.95    8.32
  1275  166.29 -832.70   38.03
  1276  230.45 -815.38   67.46
  1277  168.29 -832.51  -33.38
  1278  169.10 -826.43 -104.51
  1279  231.85 -814.53  -72.73
  1280  292.83 -795.11   67.46
  1281  354.92 -771.42   38.03
  1282  470.92 -707.30  -21.49
  1283  353.18 -772.43  -33.38
  1284  410.85 -741.36  -63.89
  1285  291.19 -795.24  -72.73
  1286  404.29 -735.30 -135.59
  1287  456.81 -697.39 -165.75
  1288  287.38 -787.19 -142.27
  1289  342.26 -758.15 -174.85
  1290  444.71 -684.76 -236.30
  1291  523.94 -667.36  -51.15
  1292  618.14 -573.13 -109.23
  1293  658.60 -519.55 -137.17
  1294  516.90 -663.38 -123.45
  1295  564.49 -617.02 -152.12
  1296  647.02 -511.33 -205.92
  1297  551.77 -607.04 -222.62
  1298  593.51 -555.28 -248.81
  1299  491.57 -640.90 -264.77
  1300  574.88 -540.42 -316.16
  1301  610.77 -484.49 -338.73
  1302  697.64 -465.81 -137.17
  1303  726.37 -403.25 -179.68
  1304  670.17 -445.76 -273.27
  1305  711.51 -392.87 -248.81
  1306  649.51 -431.15 -338.73
  1307  729.01 -325.72 -291.46
  1308  769.16 -352.72  -80.48
  1309  796.60 -292.07  -51.15
  1310  761.25 -346.20 -152.12
  1311  778.89 -279.05 -194.83
  1312  761.44 -269.47 -264.77
  1313  818.20 -229.30  -21.49
  1314  814.29 -224.95  -93.98
  1315  804.42 -218.94 -165.75
  1316  824.24 -157.28 -135.59
  1317  788.67 -211.34 -236.30
  1318  826.80  -91.22 -174.85
  1319  833.82 -164.82    8.32
  1320  843.34  -99.16   38.03
  1321  846.68  -32.79   67.46
  1322  843.76  -97.21  -33.38
  1323  838.24  -94.56 -104.51
  1324  846.31  -31.20  -72.73
  1325  407.90  444.30  598.93
  1326  484.19  351.79  603.58
  1327  548.61  250.64  598.93
  1328  510.81  445.44  512.98
  1329  581.49  348.16  512.98
  1330  429.46  532.93  504.03
  1331  347.14  680.45  372.80
  1332  439.54  611.63  393.96
  1333  525.36  529.86  407.12
  1334  639.56  243.75  504.03
  1335  683.66  135.34  486.62
  1336  666.27  335.91  407.12
  1337  717.53  229.03  393.96
  1338  754.42  119.88  372.80
  1339  601.66  437.14  411.60
  1340  524.48  601.76  292.09
  1341  605.96  514.51  300.97
  1342  734.37  312.86  292.09
  1343  669.63  486.51  193.41
  1344  744.93 -353.59  206.27
  1345  733.73 -416.20  104.51
  1346  706.04 -473.28    2.64
  1347  790.99 -296.63   93.98
  1348  771.46 -356.76   -8.32
  1349  781.23 -164.99  291.46
  1350  794.16 -232.06  194.83
  1351  804.18  -33.29  273.27
  1352  824.66 -100.72  179.68
  1353  829.59 -166.74   80.48
  1354  782.74   99.31  316.16
  1355  803.20  166.79  222.62
  1356  824.01   33.37  205.92
  1357  808.10  232.86  123.45
  1358  836.96  100.33  109.23
  1359  744.93  353.59  206.27
  1360  695.19  467.93  142.27
  1361  768.15  358.28   63.89
  1362  706.04  473.28    2.64
  1363  736.09 -410.78 -109.23
  1364  686.25 -457.34 -205.92
  1365  790.64 -286.60 -123.45
  1366  747.83 -337.18 -222.62
  1367  691.62 -379.75 -316.16
  1368  832.04 -161.64  -63.89
  1369  849.39  -32.10   -2.64
  1370  810.50 -151.79 -206.27
  1371  837.47  -30.06 -142.27
  1372  833.82  164.82    8.32
  1373  849.39   32.10   -2.64
  1374  814.29  224.95  -93.98
  1375  838.24   94.56 -104.51
  1376  810.50  151.79 -206.27
  1377  769.16  352.72  -80.48
  1378  726.37  403.25 -179.68
  1379  778.89  279.05 -194.83
  1380  670.17  445.76 -273.27
  1381  729.01  325.72 -291.46
  1382  227.54   40.83  817.96
  1383  442.28  121.52  715.62
  1384  339.92   40.87  778.00
  1385  531.73  198.69  632.69
  1386  392.55  -81.46  749.51
  1387  531.73 -198.69  632.69
  1388  494.84  -81.46  686.30
  1389  666.11  -81.35  521.70
  1390  702.21   40.79  477.22
  1391  586.81  -81.40  609.53
  1392  543.85   40.87  651.97
  1393   66.18  335.91  778.00
  1394  164.80  243.75  797.45
  1395   31.48  229.03  817.96
  1396  230.39  445.44  686.30
  1397  198.78  348.16  749.51
  1398  323.31  351.79  703.00
  1399  290.35  250.64  758.53
  1400  328.10  198.69  758.53
  1401  423.61  270.62  685.42
  1402  353.28  444.30  632.69
  1403 -296.51  525.23  598.93
  1404 -184.94  569.20  603.58
  1405  -68.85  599.21  598.93
  1406 -265.80  623.46  512.98
  1407 -151.43  660.62  512.98
  1408 -374.14  573.13  504.03
  1409 -539.88  540.42  372.80
  1410 -445.87  607.04  393.96
  1411 -341.58  663.38  407.12
  1412  -34.19  683.59  504.03
  1413   82.54  692.02  486.62
  1414 -113.59  737.46  407.12
  1415    3.91  753.18  393.96
  1416  119.12  754.54  372.80
  1417 -229.81  707.30  411.60
  1418 -410.23  684.76  292.09
  1419 -302.08  735.30  300.97
  1420  -70.61  795.11  292.09
  1421 -255.77  787.19  193.41
  1422  566.48  599.21  206.27
  1423  622.57  569.20  104.51
  1424  668.30  525.23    2.64
  1425  526.55  660.62   93.98
  1426  577.69  623.46   -8.32
  1427  398.33  692.02  291.46
  1428  466.11  683.59  194.83
  1429  280.17  754.54  273.27
  1430  350.62  753.18  179.68
  1431  414.94  737.46   80.48
  1432  147.44  775.11  316.16
  1433   89.58  815.42  222.62
  1434  222.90  793.98  205.92
  1435   28.25  840.51  123.45
  1436  163.21  827.00  109.23
  1437 -106.09  817.74  206.27
  1438 -230.21  805.77  142.27
  1439 -231.94  817.74    2.64
  1440  618.14  573.13 -109.23
  1441  647.02  511.33 -205.92
  1442  516.90  663.38 -123.45
  1443  551.77  607.04 -222.62
  1444  574.88  540.42 -316.16
  1445  410.85  741.36  -63.89
  1446  293.01  797.90   -2.64
  1447  394.83  723.93 -206.27
  1448  287.38  787.19 -142.27
  1449  100.90  843.95    8.32
  1450  231.94  817.74   -2.64
  1451   37.69  843.95  -93.98
  1452  169.10  826.43 -104.51
  1453  106.09  817.74 -206.27
  1454  -97.78  840.51  -80.48
  1455 -159.05  815.42 -179.68
  1456  -24.71  827.00 -194.83
  1457 -216.84  775.11 -273.27
  1458  -84.50  793.98 -291.46
  1459 -126.47  486.51  685.42
  1460  -87.58  373.44  758.53
  1461   21.09  458.18  715.62
  1462 -148.65  353.59  758.53
  1463  -24.65  567.09  632.69
  1464  258.76  532.93  609.53
  1465  283.20  608.37  521.70
  1466  178.19  680.45  477.22
  1467  129.19  529.86  651.97
  1468  155.80  611.63  569.33
  1469 -313.39  473.28  632.69
  1470 -352.44  356.76  686.30
  1471 -234.66  416.20  703.00
  1472 -426.89  410.78  609.53
  1473 -269.69  296.63  749.51
  1474 -464.00  286.60  651.97
  1475 -546.96  151.79  632.69
  1476 -491.08  457.34  521.70
  1477 -533.55  337.18  569.33
  1478 -592.08  379.75  477.22
  1479 -591.15 -119.69  598.93
  1480 -598.49     .00  603.58
  1481 -591.15  119.69  598.93
  1482 -675.08  -60.13  512.98
  1483 -675.08   60.13  512.98
  1484 -660.69 -178.72  504.03
  1485 -680.80 -346.45  372.80
  1486 -715.10 -236.46  393.96
  1487 -736.47 -119.87  407.12
  1488 -660.69  178.72  504.03
  1489 -632.64  292.35  486.62
  1490 -736.47  119.87  407.12
  1491 -715.10  236.46  393.96
  1492 -680.80  346.45  372.80
  1493 -743.70     .00  411.60
  1494 -778.01 -178.55  292.09
  1495 -792.66  -60.08  300.97
  1496 -778.01  178.55  292.09
  1497 -827.70     .00  193.41
  1498 -394.83  723.93  206.27
  1499 -348.96  767.98  104.51
  1500 -293.01  797.90    2.64
  1501 -465.57  704.92   93.98
  1502 -414.43  742.08   -8.32
  1503 -535.06  592.68  291.46
  1504 -506.09  654.53  194.83
  1505 -631.03  499.62  273.27
  1506 -607.97  566.21  179.68
  1507 -573.15  622.51   80.48
  1508 -691.62  379.75  316.16
  1509 -747.83  337.18  222.62
  1510 -686.25  457.34  205.92
  1511 -790.64  286.60  123.45
  1512 -736.09  410.78  109.23
  1513 -810.50  151.79  206.27
  1514 -837.47   30.06  142.27
  1515 -832.04  161.64   63.89
  1516 -849.39   32.10    2.64
  1517 -354.06  764.99 -109.23
  1518 -286.36  773.36 -205.92
  1519 -471.18  696.60 -123.45
  1520 -406.82  712.35 -222.62
  1521 -336.32  713.74 -316.16
  1522 -578.12  619.84  -63.89
  1523 -668.30  525.23   -2.64
  1524 -566.48  599.21 -206.27
  1525 -659.86  516.57 -142.27
  1526 -771.46  356.76    8.32
  1527 -706.04  473.28   -2.64
  1528 -790.99  296.63  -93.98
  1529 -733.73  416.20 -104.51
  1530 -744.93  353.59 -206.27
  1531 -829.59  166.74  -80.48
  1532 -824.66  100.72 -179.68
  1533 -794.16  232.06 -194.83
  1534 -804.18   33.29 -273.27
  1535 -781.23  164.99 -291.46
  1536 -382.22   32.10  758.53
  1537 -299.02  166.74  778.00
  1538 -429.24  161.64  715.62
  1539 -501.78   30.06  685.42
  1540 -208.09  100.72  817.96
  1541 -365.46 -164.82  749.51
  1542 -546.96 -151.79  632.69
  1543 -468.34  -94.56  703.00
  1544 -276.60 -100.33  797.45
  1545 -382.22  -32.10  758.53
  1546 -148.65 -353.59  758.53
  1547 -286.38 -358.28  715.62
  1548 -313.39 -473.28  632.69
  1549 -160.09 -166.79  817.96
  1550 -250.98 -232.86  778.00
  1551 -586.71 -325.72  521.70
  1552 -544.13 -445.76  477.22
  1553 -485.55 -403.25  569.33
  1554 -448.21 -224.95  686.30
  1555 -522.59 -279.05  609.53
  1556 -415.96 -352.72  651.97
  1557  -68.84 -599.21  598.93
  1558 -184.94 -569.20  603.58
  1559 -296.51 -525.23  598.93
  1560 -151.43 -660.62  512.98
  1561 -265.80 -623.46  512.98
  1562  -34.19 -683.59  504.03
  1563  119.12 -754.54  372.80
  1564    3.91 -753.18  393.96
  1565 -113.59 -737.46  407.12
  1566 -374.14 -573.13  504.03
  1567 -473.54 -511.33  486.62
  1568 -341.58 -663.38  407.12
  1569 -445.87 -607.04  393.96
  1570 -539.88 -540.42  372.80
  1571 -229.81 -707.30  411.60
  1572  -70.61 -795.11  292.09
  1573 -187.81 -772.43  300.97
  1574 -410.23 -684.76  292.09
  1575 -255.77 -787.19  193.41
  1576 -810.50 -151.79  206.27
  1577 -838.24  -94.56  104.51
  1578 -849.39  -32.10    2.64
  1579 -814.29 -224.95   93.98
  1580 -833.82 -164.82   -8.32
  1581 -729.01 -325.72  291.46
  1582 -778.89 -279.05  194.83
  1583 -670.17 -445.76  273.27
  1584 -726.37 -403.25  179.68
  1585 -769.16 -352.72   80.48
  1586 -574.88 -540.42  316.16
  1587 -551.77 -607.04  222.62
  1588 -647.02 -511.33  205.92
  1589 -516.90 -663.38  123.45
  1590 -618.14 -573.13  109.23
  1591 -394.83 -723.93  206.27
  1592 -287.38 -787.19  142.27
  1593 -410.85 -741.36   63.89
  1594 -293.01 -797.90    2.64
  1595 -836.96 -100.33 -109.23
  1596 -824.01  -33.37 -205.92
  1597 -808.10 -232.86 -123.45
  1598 -803.20 -166.79 -222.62
  1599 -782.74  -99.31 -316.16
  1600 -768.15 -358.28  -63.89
  1601 -706.04 -473.28   -2.64
  1602 -744.93 -353.59 -206.27
  1603 -695.19 -467.93 -142.27
  1604 -577.69 -623.46    8.32
  1605 -668.30 -525.23   -2.64
  1606 -526.55 -660.62  -93.98
  1607 -622.57 -569.20 -104.51
  1608 -566.48 -599.21 -206.27
  1609 -414.94 -737.46  -80.48
  1610 -350.62 -753.18 -179.68
  1611 -466.11 -683.59 -194.83
  1612 -280.17 -754.54 -273.27
  1613 -398.33 -692.02 -291.46
  1614  -87.58 -373.44  758.53
  1615   43.83 -398.51  749.51
  1616  -24.65 -567.09  632.69
  1617   75.44 -495.79  686.30
  1618 -183.64 -467.93  685.42
  1619  233.46 -586.40  569.33
  1620  128.48 -658.65  521.70
  1621  103.91 -583.24  609.53
  1622  206.92 -504.60  651.97
  1623  255.80 -655.24  477.22
  1624  328.10 -198.69  758.53
  1625  290.35 -250.64  758.53
  1626  282.75  -81.40  797.45
  1627  388.29 -319.26  685.42
  1628  434.48 -198.78  703.00
  1629  353.28 -444.30  632.69
  1630    9.95 -294.07  797.45
  1631  252.25 -383.08  715.62
  1632  143.90 -310.66  778.00
  1633  109.15 -203.80  817.96
  1634  548.61 -250.64  598.93
  1635  484.19 -351.79  603.58
  1636  407.90 -444.30  598.93
  1637  581.49 -348.16  512.98
  1638  510.81 -445.44  512.98
  1639  639.56 -243.75  504.03
  1640  754.42 -119.88  372.80
  1641  717.53 -229.03  393.96
  1642  666.27 -335.91  407.12
  1643  429.46 -532.93  504.03
  1644  339.97 -608.37  486.62
  1645  525.36 -529.86  407.12
  1646  439.54 -611.63  393.96
  1647  347.14 -680.45  372.80
  1648  601.66 -437.14  411.60
  1649  734.37 -312.86  292.09
  1650  676.58 -417.31  300.97
  1651  524.48 -601.76  292.09
  1652  669.63 -486.51  193.41
  1653 -106.09 -817.74  206.27
  1654 -169.10 -826.43  104.51
  1655 -231.94 -817.74    2.64
  1656  -37.69 -843.95   93.98
  1657 -100.90 -843.95   -8.32
  1658   84.50 -793.98  291.46
  1659   24.71 -827.00  194.83
  1660  216.84 -775.11  273.27
  1661  159.05 -815.42  179.68
  1662   97.78 -840.51   80.48
  1663  336.32 -713.74  316.16
  1664  406.82 -712.35  222.62
  1665  286.36 -773.36  205.92
  1666  471.18 -696.60  123.45
  1667  354.06 -764.99  109.23
  1668  566.48 -599.21  206.27
  1669  659.86 -516.57  142.27
  1670  578.12 -619.84   63.89
  1671  668.30 -525.23    2.64
  1672 -163.21 -827.00 -109.23
  1673 -222.90 -793.98 -205.92
  1674  -28.25 -840.51 -123.45
  1675  -89.58 -815.42 -222.62
  1676 -147.44 -775.11 -316.16
  1677  103.38 -841.27  -63.89
  1678  231.94 -817.74   -2.64
  1679  106.09 -817.74 -206.27
  1680  230.21 -805.77 -142.27
  1681  414.43 -742.08    8.32
  1682  293.01 -797.90   -2.64
  1683  465.57 -704.92  -93.98
  1684  348.96 -767.98 -104.51
  1685  394.83 -723.93 -206.27
  1686  573.15 -622.51  -80.48
  1687  607.97 -566.21 -179.68
  1688  506.09 -654.53 -194.83
  1689  631.03 -499.62 -273.27
  1690  535.06 -592.68 -291.46
  1691  544.13  445.76 -477.22
  1692  485.55  403.25 -569.33
  1693  586.71  325.72 -521.70
  1694  415.96  352.72 -651.97
  1695  522.59  279.05 -609.53
  1696  313.39  473.28 -632.69
  1697  183.64  467.93 -685.42
  1698  286.38  358.28 -715.62
  1699  148.65  353.59 -758.53
  1700  448.21  224.95 -686.30
  1701  546.96  151.79 -632.69
  1702  365.46  164.82 -749.51
  1703  468.34   94.56 -703.00
  1704  382.22   32.10 -758.53
  1705  250.98  232.86 -778.00
  1706  276.60  100.33 -797.45
  1707   67.27   99.31 -841.49
  1708  184.32   33.37 -829.11
  1709  133.41  797.90 -260.90
  1710  249.53  767.98 -265.39
  1711  361.06  723.93 -260.90
  1712  177.90  742.08 -374.39
  1713  292.26  704.92 -374.39
  1714   60.64  764.99 -365.53
  1715 -132.37  713.74 -442.20
  1716  -17.17  712.35 -463.43
  1717  100.31  696.60 -476.65
  1718  400.59  654.53 -365.53
  1719  499.97  592.68 -348.23
  1720  328.30  622.51 -476.65
  1721  432.60  566.21 -463.43
  1722  526.62  499.62 -442.20
  1723  216.54  666.43 -481.12
  1724   18.44  634.54 -565.25
  1725  135.59  611.73 -574.38
  1726  358.06  524.20 -565.25
  1727  167.84  516.57 -653.83
  1728  800.07  119.69 -260.90
  1729  807.51     .00 -265.39
  1730  800.07 -119.69 -260.90
  1731  760.73   60.13 -374.39
  1732  760.73  -60.13 -374.39
  1733  746.29  178.72 -365.53
  1734  637.91  346.45 -442.20
  1735  672.18  236.46 -463.43
  1736  693.50  119.87 -476.65
  1737 -255.80  655.24 -477.22
  1738 -233.46  586.40 -569.33
  1739 -128.48  658.65 -521.70
  1740 -206.92  504.60 -651.97
  1741 -103.91  583.24 -609.53
  1742 -353.28  444.30 -632.69
  1743 -388.29  319.26 -685.42
  1744 -252.25  383.08 -715.62
  1745 -290.35  250.64 -758.53
  1746  -75.44  495.79 -686.30
  1747   24.65  567.09 -632.69
  1748  -43.83  398.51 -749.51
  1749   54.79  474.64 -703.00
  1750   87.58  373.44 -758.53
  1751 -143.90  310.66 -778.00
  1752 -109.15  203.80 -817.96
  1753   -9.95  294.07 -797.45
  1754  -73.65   94.66 -841.49
  1755   25.22  185.61 -829.11
  1756 -717.62  373.44 -260.90
  1757 -653.28  474.64 -265.39
  1758 -576.92  567.09 -260.90
  1759 -650.79  398.51 -374.39
  1760 -580.11  495.79 -374.39
  1761 -708.81  294.07 -365.53
  1762 -719.72   94.66 -442.20
  1763 -682.79  203.80 -463.43
  1764 -631.51  310.66 -476.65
  1765 -498.71  583.24 -365.53
  1766 -409.17  658.65 -348.23
  1767 -490.59  504.60 -476.65
  1768 -404.81  586.40 -463.43
  1769 -312.43  655.24 -442.20
  1770 -566.91  411.88 -481.12
  1771 -597.79  213.62 -565.25
  1772 -539.89  317.98 -574.38
  1773 -387.90  502.52 -565.25
  1774 -439.42  319.26 -653.83
  1775 -494.84   81.46 -686.30
  1776 -531.73  198.69 -632.69
  1777 -392.55   81.46 -749.51
  1778 -434.48  198.78 -703.00
  1779 -328.10  198.69 -758.53
  1780 -339.92  -40.87 -778.00
  1781 -227.54  -40.83 -817.96
  1782 -282.75   81.40 -797.45
  1783 -112.79  -40.79 -841.49
  1784 -168.73   81.35 -829.11
  1785 -178.19 -680.45 -477.22
  1786 -283.20 -608.37 -521.70
  1787 -129.19 -529.86 -651.97
  1788 -258.76 -532.93 -609.53
  1789   24.65 -567.09 -632.69
  1790  126.47 -486.51 -685.42
  1791  -21.09 -458.18 -715.62
  1792   87.58 -373.44 -758.53
  1793 -230.39 -445.44 -686.30
  1794 -353.28 -444.30 -632.69
  1795 -198.78 -348.16 -749.51
  1796 -323.31 -351.79 -703.00
  1797 -290.35 -250.64 -758.53
  1798  -66.18 -335.91 -778.00
  1799  -31.48 -229.03 -817.96
  1800 -164.80 -243.75 -797.45
  1801    3.94 -119.88 -841.49
  1802 -129.51 -135.34 -829.11
  1803 -576.92 -567.09 -260.90
  1804 -653.28 -474.64 -265.39
  1805 -717.62 -373.44 -260.90
  1806 -580.11 -495.79 -374.39
  1807 -650.79 -398.51 -374.39
  1808 -498.71 -583.24 -365.53
  1809 -312.43 -655.24 -442.20
  1810 -404.81 -586.40 -463.43
  1811 -490.59 -504.60 -476.65
  1812 -708.81 -294.07 -365.53
  1813 -752.85 -185.61 -348.23
  1814 -631.51 -310.66 -476.65
  1815 -682.79 -203.80 -463.43
  1816 -719.72  -94.66 -442.20
  1817 -566.91 -411.88 -481.12
  1818 -387.90 -502.52 -565.25
  1819 -469.26 -415.20 -574.38
  1820 -597.79 -213.62 -565.25
  1821 -439.42 -319.26 -653.83
  1822 -702.21  -40.79 -477.22
  1823 -629.84  -40.83 -569.33
  1824 -666.11   81.35 -521.70
  1825 -543.85  -40.87 -651.97
  1826 -586.81   81.40 -609.53
  1827 -531.73 -198.69 -632.69
  1828 -423.61 -270.62 -685.42
  1829 -442.28 -121.52 -715.62
  1830 -328.10 -198.69 -758.53
  1831  592.08 -379.75 -477.22
  1832  533.55 -337.18 -569.33
  1833  491.08 -457.34 -521.70
  1834  464.00 -286.60 -651.97
  1835  426.89 -410.78 -609.53
  1836  546.96 -151.79 -632.69
  1837  501.78  -30.06 -685.42
  1838  429.24 -161.64 -715.62
  1839  382.22  -32.10 -758.53
  1840  352.44 -356.76 -686.30
  1841  313.39 -473.28 -632.69
  1842  269.69 -296.63 -749.51
  1843  234.66 -416.20 -703.00
  1844  148.65 -353.59 -758.53
  1845  299.02 -166.74 -778.00
  1846  208.09 -100.72 -817.96
  1847  180.90 -232.06 -797.45
  1848  115.23  -33.29 -841.49
  1849   88.70 -164.99 -829.11
  1850  361.06 -723.93 -260.90
  1851  249.53 -767.98 -265.39
  1852  133.41 -797.90 -260.90
  1853  292.26 -704.92 -374.39
  1854  177.90 -742.08 -374.39
  1855  400.59 -654.53 -365.53
  1856  526.62 -499.62 -442.20
  1857  432.60 -566.21 -463.43
  1858  328.30 -622.51 -476.65
  1859   60.64 -764.99 -365.53
  1860  -56.12 -773.36 -348.23
  1861  100.31 -696.60 -476.65
  1862  -17.17 -712.35 -463.43
  1863 -132.37 -713.74 -442.20
  1864  216.54 -666.43 -481.12
  1865  358.06 -524.20 -565.25
  1866  249.87 -574.59 -574.38
  1867   18.44 -634.54 -565.25
  1868  167.84 -516.57 -653.83
  1869  746.29 -178.72 -365.53
  1870  718.17 -292.35 -348.23
  1871  693.50 -119.87 -476.65
  1872  672.18 -236.46 -463.43
  1873  637.91 -346.45 -442.20
  1874  700.73     .00 -481.12
  1875  609.19  178.55 -565.25
  1876  623.69   60.08 -574.38
  1877  609.19 -178.55 -565.25
  1878  543.15     .00 -653.83
  1879 -180.00 -779.50  930.00
  1880 -135.00 -584.60  930.00
  1881   69.70 -797.00  930.00
  1882   52.30 -597.70  930.00
  1883   34.90 -398.50  930.00
  1884   74.30   98.60  939.00
  1885  312.60 -736.40  930.00
  1886  234.40 -552.30  930.00
  1887  524.80 -603.80  930.00
  1888  393.60 -452.80  930.00
  1889  262.40 -301.90  930.00
  1890  122.20   17.20  939.00
  1891  685.70 -412.00  930.00
  1892  514.30 -309.00  930.00
  1893  779.50 -180.00  930.00
  1894  584.60 -135.00  930.00
  1895  389.70  -90.00  930.00
  1896   98.60  -74.30  939.00
  1897  797.00   69.70  930.00
  1898  597.70   52.30  930.00
  1899  736.40  312.60  930.00
  1900  552.30  234.40  930.00
  1901  368.20  156.30  930.00
  1902   17.20 -122.20  939.00
  1903  603.80  524.80  930.00
  1904  452.80  393.60  930.00
  1905  412.00  685.70  930.00
  1906  309.00  514.30  930.00
  1907  206.00  342.90  930.00
  1908  -74.30  -98.60  939.00
  1909  180.00  779.50  930.00
  1910  135.00  584.60  930.00
  1911  -69.70  797.00  930.00
  1912  -52.30  597.70  930.00
  1913  -34.90  398.50  930.00
  1914 -122.20  -17.20  939.00
  1915 -312.60  736.40  930.00
  1916 -234.40  552.30  930.00
  1917 -524.80  603.80  930.00
  1918 -393.60  452.80  930.00
  1919 -262.40  301.90  930.00
  1920  -98.60   74.30  939.00
  1921 -685.70  412.00  930.00
  1922 -514.30  309.00  930.00
  1923 -779.50  180.00  930.00
  1924 -584.60  135.00  930.00
  1925 -389.70   90.00  930.00
  1926  -17.20  122.20  939.00
  1927 -797.00  -69.70  930.00
  1928 -597.70  -52.30  930.00
  1929 -736.40 -312.60  930.00
  1930 -552.30 -234.40  930.00
  1931 -368.20 -156.30  930.00
  1932 -603.80 -524.80  930.00
  1933 -452.80 -393.60  930.00
  1934 -412.00 -685.70  930.00
  1935 -309.00 -514.30  930.00
  1936 -206.00 -342.90  930.00
  1937  790.80  402.90  750.00
  1938  790.80  402.90  550.00
  1939  790.80  402.90  350.00
  1940  876.60  138.80  750.00
  1941  876.60  138.80  550.00
  1942  876.60  138.80  350.00
  1943  876.60 -138.80  750.00
  1944  876.60 -138.80  550.00
  1945  876.60 -138.80  350.00
  1946  790.80 -402.90  750.00
  1947  790.80 -402.90  550.00
  1948  790.80 -402.90  350.00
  1949  627.60 -627.60  750.00
  1950  627.60 -627.60  550.00
  1951  627.60 -627.60  350.00
  1952  402.90 -790.80  750.00
  1953  402.90 -790.80  550.00
  1954  402.90 -790.80  350.00
  1955  138.80 -876.60  750.00
  1956  138.80 -876.60  550.00
  1957  138.80 -876.60  350.00
  1958 -138.80 -876.60  750.00
  1959 -138.80 -876.60  550.00
  1960 -138.80 -876.60  350.00
  1961 -402.90 -790.80  750.00
  1962 -402.90 -790.80  550.00
  1963 -402.90 -790.80  350.00
  1964 -627.60 -627.60  750.00
  1965 -627.60 -627.60  550.00
  1966 -627.60 -627.60  350.00
  1967 -790.80 -402.90  750.00
  1968 -790.80 -402.90  550.00
  1969 -790.80 -402.90  350.00
  1970 -876.60 -138.80  750.00
  1971 -876.60 -138.80  550.00
  1972 -876.60 -138.80  350.00
  1973 -876.60  138.80  750.00
  1974 -876.60  138.80  550.00
  1975 -876.60  138.80  350.00
  1976 -790.80  402.90  750.00
  1977 -790.80  402.90  550.00
  1978 -790.80  402.90  350.00
  1979 -627.60  627.60  750.00
  1980 -627.60  627.60  550.00
  1981 -627.60  627.60  350.00
  1982 -402.90  790.80  750.00
  1983 -402.90  790.80  550.00
  1984 -402.90  790.80  350.00
  1985 -138.80  876.60  750.00
  1986 -138.80  876.60  550.00
  1987 -138.80  876.60  350.00
  1988  138.80  876.60  750.00
  1989  138.80  876.60  550.00
  1990  138.80  876.60  350.00
  1991  402.90  790.80  750.00
  1992  402.90  790.80  550.00
  1993  402.90  790.80  350.00
  1994  627.60  627.60  750.00
  1995  627.60  627.60  550.00
  1996  627.60  627.60  350.00
  1997  790.80  402.90 -350.00
  1998  790.80  402.90 -550.00
  1999  790.80  402.90 -750.00
  2000  876.60  138.80 -350.00
  2001  876.60  138.80 -550.00
  2002  876.60  138.80 -750.00
  2003  876.60 -138.80 -350.00
  2004  876.60 -138.80 -550.00
  2005  876.60 -138.80 -750.00
  2006  790.80 -402.90 -350.00
  2007  790.80 -402.90 -550.00
  2008  790.80 -402.90 -750.00
  2009  627.60 -627.60 -350.00
  2010  627.60 -627.60 -550.00
  2011  627.60 -627.60 -750.00
  2012  402.90 -790.80 -350.00
  2013  402.90 -790.80 -550.00
  2014  402.90 -790.80 -750.00
  2015  138.80 -876.60 -350.00
  2016  138.80 -876.60 -550.00
  2017  138.80 -876.60 -750.00
  2018 -138.80 -876.60 -350.00
  2019 -138.80 -876.60 -550.00
  2020 -138.80 -876.60 -750.00
  2021 -402.90 -790.80 -350.00
  2022 -402.90 -790.80 -550.00
  2023 -402.90 -790.80 -750.00
  2024 -627.60 -627.60 -350.00
  2025 -627.60 -627.60 -550.00
  2026 -627.60 -627.60 -750.00
  2027 -790.80 -402.90 -350.00
  2028 -790.80 -402.90 -550.00
  2029 -790.80 -402.90 -750.00
  2030 -876.60 -138.80 -350.00
  2031 -876.60 -138.80 -550.00
  2032 -876.60 -138.80 -750.00
  2033 -876.60  138.80 -350.00
  2034 -876.60  138.80 -550.00
  2035 -876.60  138.80 -750.00
  2036 -790.80  402.90 -350.00
  2037 -790.80  402.90 -550.00
  2038 -790.80  402.90 -750.00
  2039 -627.60  627.60 -350.00
  2040 -627.60  627.60 -550.00
  2041 -627.60  627.60 -750.00
  2042 -402.90  790.80 -350.00
  2043 -402.90  790.80 -550.00
  2044 -402.90  790.80 -750.00
  2045 -138.80  876.60 -350.00
  2046 -138.80  876.60 -550.00
  2047 -138.80  876.60 -750.00
  2048  138.80  876.60 -350.00
  2049  138.80  876.60 -550.00
  2050  138.80  876.60 -750.00
  2051  402.90  790.80 -350.00
  2052  402.90  790.80 -550.00
  2053  402.90  790.80 -750.00
  2054  627.60  627.60 -350.00
  2055  627.60  627.60 -550.00
  2056  627.60  627.60 -750.00
  2057  712.80  363.20 -930.00
  2058  534.60  272.40 -930.00
  2059  356.40  181.60 -930.00
  2060  178.20   90.80 -930.00
  2061  790.20  125.10 -930.00
  2062  592.60   93.90 -930.00
  2063  790.20 -125.10 -930.00
  2064  592.60  -93.90 -930.00
  2065  395.10  -62.60 -930.00
  2066  712.80 -363.20 -930.00
  2067  534.60 -272.40 -930.00
  2068  565.70 -565.70 -930.00
  2069  424.30 -424.30 -930.00
  2070  282.80 -282.80 -930.00
  2071  141.40 -141.40 -930.00
  2072  363.20 -712.80 -930.00
  2073  272.40 -534.60 -930.00
  2074  125.10 -790.20 -930.00
  2075   93.90 -592.60 -930.00
  2076   62.60 -395.10 -930.00
  2077 -125.10 -790.20 -930.00
  2078  -93.90 -592.60 -930.00
  2079 -363.20 -712.80 -930.00
  2080 -272.40 -534.60 -930.00
  2081 -181.60 -356.40 -930.00
  2082  -90.80 -178.20 -930.00
  2083 -565.70 -565.70 -930.00
  2084 -424.30 -424.30 -930.00
  2085 -712.80 -363.20 -930.00
  2086 -534.60 -272.40 -930.00
  2087 -356.40 -181.60 -930.00
  2088 -790.20 -125.10 -930.00
  2089 -592.60  -93.90 -930.00
  2090 -790.20  125.10 -930.00
  2091 -592.60   93.90 -930.00
  2092 -395.10   62.60 -930.00
  2093 -197.50   31.30 -930.00
  2094 -712.80  363.20 -930.00
  2095 -534.60  272.40 -930.00
  2096 -565.70  565.70 -930.00
  2097 -424.30  424.30 -930.00
  2098 -282.80  282.80 -930.00
  2099 -363.20  712.80 -930.00
  2100 -272.40  534.60 -930.00
  2101 -125.10  790.20 -930.00
  2102  -93.90  592.60 -930.00
  2103  -62.60  395.10 -930.00
  2104  105.90  140.60  939.00
  2105  174.30   24.50  939.00
  2106  140.60 -105.90  939.00
  2107   24.50 -174.30  939.00
  2108 -105.90 -140.60  939.00
  2109 -174.30  -24.50  939.00
  2110 -140.60  105.90  939.00
  2111  -24.50  174.30  939.00
  2112  -31.30  197.50 -930.00
  2113  125.10  790.20 -930.00
  2114   93.90  592.60 -930.00
  2115  363.20  712.80 -930.00
  2116  272.40  534.60 -930.00
  2117  181.60  356.40 -930.00
  2118  565.70  565.70 -930.00
  2119  424.30  424.30 -930.00
  2120   48.30   -8.50 1143.00
  2121   31.50   37.50 1143.00
  2122  -16.80   46.00 1143.00
  2123  -48.30    8.50 1143.00
  2124  -31.50  -37.50 1143.00
  2125   16.80  -46.00 1143.00